iudex:
  fog_wall: [125.710762, 558.4857178, -64.05046082, -2.987891674]
  post_fog_wall: [126.49, 560.53, -64.047, -2.78]
  center: [142., 595., -68.8, 0.]
  bonfire: [104, 507,-50]  # Cemetry of Ash bonfire coords
  player_init_pose: [132.176, 575.064, -68.066, -2.768]
  boss_init_pose: [141.3, 591.9, -68.8, 0.6]