iudex:
  fog_wall: [125.710762, 558.4857178, -64.05046082, -2.987891674]
  center: [142., 595., -68.8, 0.]
  limits:
    x: [120., 180.]
    y: [550., 630.]
    z: [-74., -55.]
  bonfire: [104, 507,-50]  # Cemetry of Ash bonfire coords
  player_init_pos: [132.176, 575.064, -68.066, -2.768]
  boss_init_pos: [141.3, 591.9, -68.8, 1.9]