iudex:
  boss: [125.710762, 558.4857178, -64.05046082, -2.987891674]
  center: [142., 595., -68.8, 0.]
  limits:
    x: [120., 180.]
    y: [550., 630.]
    z: [-74., -55.]
  player_init_pos: [132.4, 575., -68., -2.8]
